db	id	alt	E-value	adj_p-value	log_adj_p-value	bin_location	bin_width	total_width	sites_in_bin	total_sites	p_success	p-value	mult_tests	neg_sites_in_bin	neg_sites	neg_adj_pvalue	log_neg_adj_pvalue	fisher_adj_pvalue	log_fisher_adj_pvalue	
1	1	MEME	5.10E-203	9.70E-206	-4.72E+02	0	83	489	1041	2356	0.16973	4.00E-208	2.44E+02	52	120	3.10E-09	-1.96E+01		1.00E+00	0
1	2	MEME	3.40E-10	6.40E-13	-2.81E+01	0	259	489	800	1.25E+03	0.52965	2.60E-15	2.44E+02	5.30E+01	8.90E+01	1.00E+00	0.00E+00		1.00E+00	0
1	3	MEME	9.30E-26	1.80E-28	-6.39E+01	0	197	489	1014	1898	0.40286	7.30E-31	2.44E+02	4.90E+01	109	1.00E+00	0.00E+00		1.00E+00	0
2	MA0002.2	RUNX1	3.30E-07	6.30E-10	-2.12E+01	0	192	490	2251	5123	0.39184	2.60E-12	2.44E+02	1.43E+02	292	1.00E-01	-2.31E+00		1.00E+00	0
2	MA0003.3	TFAP2A	2.60E-01	5.00E-04	-7.59E+00	0	246	490	1998	3699	5.02E-01	2.10E-06	2.44E+02	114	2.22E+02	1.00E+00	0.00E+00		1.00E+00	0
2	MA0004.1	Arnt	7.70E-12	1.50E-14	-3.18E+01	0	215	495	962	1810	0.43434	6.00E-17	2.47E+02	5.30E+01	98	9.90E-01	-1.00E-02		1.00E+00	0
2	MA0006.1	Ahr::Arnt	1.90E-11	3.70E-14	-3.09E+01	0	249	495	2394	4230	5.03E-01	1.50E-16	2.47E+02	131	2.39E+02	1.00E+00	0.00E+00		1.00E+00	0
2	MA0014.2	PAX5	3.10E-06	5.90E-09	-1.90E+01	0	216	482	1651	3265	0.44813	2.40E-11	2.40E+02	9.60E+01	195	1.00E+00	0.00E+00		1.00E+00	0
2	MA0018.2	CREB1	4.40E-13	8.40E-16	-3.47E+01	0	263	493	2620	4379	5.33E-01	3.40E-18	2.46E+02	147	2.51E+02	1.00E+00	0.00E+00		1.00E+00	0
2	MA0024.3	E2F1	1.30E-05	2.50E-08	-1.75E+01	0	235	489	636	1102	0.48057	1.00E-10	2.44E+02	34	64	1.00E+00	0.00E+00		1.00E+00	0
2	MA0028.2	ELK1	1.00E-39	2.00E-42	-9.60E+01	0	227	491	1242	2009	4.62E-01	8.20E-45	2.45E+02	69	1.26E+02	1.00E+00	0.00E+00		1.00E+00	0
2	MA0029.1	Mecom	1.30E-10	2.60E-13	-2.90E+01	0	103	487	330	1039	0.2115	1.10E-15	2.43E+02	1.60E+01	45	9.90E-01	-1.00E-02		1.00E+00	0
2	MA0035.3	Gata1	4.30E-169	8.20E-172	-3.94E+02	0	82	490	984	2395	0.16735	3.40E-174	2.44E+02	5.60E+01	128	1.80E-10	-2.24E+01		1.00E+00	0
2	MA0036.2	GATA2	3.60E-206	6.90E-209	-4.79E+02	0	87	487	1168	2661	1.79E-01	2.80E-211	2.43E+02	66	1.39E+02	3.10E-13	-2.88E+01		1.00E+00	0
2	MA0037.2	GATA3	1.80E-100	3.40E-103	-2.36E+02	0	87	493	483	1015	1.76E-01	1.40E-105	2.46E+02	22	5.50E+01	2.00E-02	-3.92E+00		1.00E+00	0
2	MA0039.2	Klf4	8.40E-26	1.60E-28	-6.40E+01	0	231	491	2239	3986	4.70E-01	6.50E-31	2.45E+02	111	2.26E+02	1.00E+00	0.00E+00		1.00E+00	0
2	MA0048.2	NHLH1	6.20E-12	1.20E-14	-3.21E+01	0	183	491	1283	2857	3.73E-01	4.90E-17	2.45E+02	80	1.72E+02	9.10E-01	-9.00E-02		1.00E+00	0
2	MA0058.3	MAX	1.20E-03	2.20E-06	-1.30E+01	0	243	491	1405	2550	4.95E-01	9.20E-09	2.45E+02	79	1.51E+02	1.00E+00	0.00E+00		1.00E+00	0
2	MA0059.1	MAX::MYC	1.50E-02	2.90E-05	-1.04E+01	0	262	490	1030	1726	0.53469	1.20E-07	2.44E+02	4.90E+01	102	1.00E+00	0.00E+00		9.70E-01	-0.04
2	MA0060.2	NFYA	3.30E-20	6.40E-23	-5.11E+01	0	163	483	649	1371	3.37E-01	2.60E-25	2.41E+02	26	7.10E+01	1.00E+00	0.00E+00		1.00E+00	0
2	MA0062.2	Gabpa	2.20E-46	4.20E-49	-1.11E+02	0	228	490	1969	3303	4.65E-01	1.70E-51	2.44E+02	110	2.00E+02	9.10E-01	-9.00E-02		1.00E+00	0
2	MA0067.1	Pax2	2.40E-07	4.60E-10	-2.15E+01	0	127	493	1577	5251	2.58E-01	1.90E-12	2.46E+02	92	3.03E+02	1.00E+00	0.00E+00		1.00E+00	0
2	MA0076.2	ELK4	3.30E-42	6.30E-45	-1.02E+02	0	228	490	2049	3489	4.65E-01	2.60E-47	2.44E+02	126	2.11E+02	2.60E-02	-3.65E+00		1.00E+00	0
2	MA0079.3	SP1	7.40E-16	1.40E-18	-4.11E+01	0	196	490	1705	3572	0.4	5.80E-21	2.44E+02	8.90E+01	215	1.00E+00	0.00E+00		1.00E+00	0
2	MA0089.1	MAFG::NFE2L1	4.80E+00	9.30E-03	-4.68E+00	0	103	495	1210	5247	0.20808	3.80E-05	2.47E+02	7.00E+01	295	1.00E+00	0.00E+00		1.00E+00	0
2	MA0093.2	USF1	1.20E-04	2.30E-07	-1.53E+01	0	248	490	1354	2385	0.50612	9.50E-10	2.44E+02	6.30E+01	123	1.00E+00	0.00E+00		1.00E+00	0
2	MA0098.3	ETS1	2.70E-37	5.20E-40	-9.05E+01	0	209	491	2054	3839	4.26E-01	2.10E-42	2.45E+02	128	2.21E+02	7.70E-04	-7.17E+00		1.00E+00	0
2	MA0099.2	FOS::JUN	8.60E-03	1.60E-05	-1.10E+01	0	158	494	1734	4877	3.20E-01	6.70E-08	2.46E+02	107	2.84E+02	1.00E+00	0.00E+00		1.00E+00	0
2	MA0111.1	Spz1	4.40E-01	8.40E-04	-7.08E+00	0	80	490	786	4143	0.16327	3.40E-06	2.44E+02	5.00E+01	232	1.00E+00	0.00E+00		1.00E+00	0
2	MA0130.1	ZNF354C	4.20E-04	8.00E-07	-1.40E+01	0	199	495	2258	5108	4.02E-01	3.20E-09	2.47E+02	118	2.94E+02	1.00E+00	0.00E+00		1.00E+00	0
2	MA0131.2	HINFP	7.60E-07	1.50E-09	-2.04E+01	0	259	489	1369	2280	0.52965	6.00E-12	2.44E+02	80	145	1.00E+00	0.00E+00		1.00E+00	0
2	MA0136.2	ELF5	7.10E-15	1.40E-17	-3.88E+01	0	230	490	2613	4889	4.69E-01	5.50E-20	2.44E+02	149	2.76E+02	9.40E-01	-7.00E-02		1.00E+00	0
2	MA0139.1	CTCF	1.50E-28	2.90E-31	-7.03E+01	0	194	482	1224	2325	0.40249	1.20E-33	2.40E+02	6.70E+01	134	9.70E-01	-4.00E-02		1.00E+00	0
2	MA0140.2	GATA1::TAL1	5.00E-46	9.60E-49	-1.11E+02	0	95	483	655	1906	1.97E-01	4.00E-51	2.41E+02	39	1.00E+02	1.50E-03	-6.47E+00		1.00E+00	0
2	MA0146.2	Zfx	3.00E-03	5.80E-06	-1.21E+01	0	213	487	1509	3103	0.43737	2.40E-08	2.43E+02	7.60E+01	166	1.00E+00	0.00E+00		1.00E+00	0
2	MA0150.2	Nfe2l2	5.70E-07	1.10E-09	-2.06E+01	0	132	486	721	2126	2.72E-01	4.50E-12	2.42E+02	37	1.12E+02	1.00E+00	0.00E+00		1.00E+00	0
2	MA0156.2	FEV	5.40E-36	1.00E-38	-8.75E+01	0	209	491	2067	3880	0.42566	4.20E-41	2.45E+02	1.30E+02	216	3.50E-05	-1.03E+01		1.00E+00	0
2	MA0160.1	NR4A2	9.70E-02	1.90E-04	-8.59E+00	0	237	493	2494	4838	0.48073	7.60E-07	2.46E+02	1.30E+02	284	1.00E+00	0.00E+00		1.00E+00	0
2	MA0161.1	NFIC	8.00E-02	1.50E-04	-8.79E+00	0	107	495	1284	5258	2.16E-01	6.20E-07	2.47E+02	55	3.04E+02	1.00E+00	0.00E+00		7.80E-01	-0.24
2	MA0162.2	EGR1	1.60E-15	3.10E-18	-4.03E+01	0	225	487	1926	3571	4.62E-01	1.30E-20	2.43E+02	90	2.00E+02	1.00E+00	0.00E+00		8.70E-01	-0.14
2	MA0258.2	ESR2	5.30E-03	1.00E-05	-1.15E+01	0	210	486	1784	3749	4.32E-01	4.20E-08	2.42E+02	106	2.19E+02	1.00E+00	0.00E+00		1.00E+00	0
2	MA0259.1	ARNT::HIF1A	1.70E-18	3.40E-21	-4.72E+01	0	171	493	1230	2810	3.47E-01	1.40E-23	2.46E+02	63	1.55E+02	1.00E+00	0.00E+00		1.00E+00	0
2	MA0462.1	BATF::JUN	1.50E-03	2.90E-06	-1.28E+01	0	78	490	422	2047	1.59E-01	1.20E-08	2.44E+02	23	1.27E+02	1.00E+00	0.00E+00		1.00E+00	0
2	MA0464.2	BHLHE40	1.80E-07	3.50E-10	-2.18E+01	0	219	491	877	1647	0.44603	1.40E-12	2.45E+02	5.20E+01	97	1.00E+00	0.00E+00		1.00E+00	0
2	MA0470.1	E2F4	1.20E-01	2.40E-04	-8.35E+00	0	266	490	1043	1739	5.43E-01	9.70E-07	2.44E+02	74	1.18E+02	1.00E+00	0.00E+00		1.00E+00	0
2	MA0471.1	E2F6	1.40E+00	2.70E-03	-5.93E+00	0	244	490	1534	2852	4.98E-01	1.10E-05	2.44E+02	82	1.61E+02	1.00E+00	0.00E+00		1.00E+00	0
2	MA0472.2	EGR2	3.00E-12	5.80E-15	-3.28E+01	0	318	490	1393	1884	0.64898	2.40E-17	2.44E+02	8.10E+01	118	1.00E+00	0.00E+00		1.00E+00	0
2	MA0473.2	ELF1	1.00E-33	1.90E-36	-8.22E+01	0	213	489	998	1681	4.36E-01	7.80E-39	2.44E+02	61	1.06E+02	4.70E-01	-7.50E-01		1.00E+00	0
2	MA0474.2	ERG	2.40E-37	4.70E-40	-9.06E+01	0	209	491	2108	3950	4.26E-01	1.90E-42	2.45E+02	131	2.21E+02	1.10E-04	-9.16E+00		1.00E+00	0
2	MA0475.2	FLI1	2.60E-45	5.00E-48	-1.09E+02	0	209	491	1690	3013	0.42566	2.00E-50	2.45E+02	103	177	5.10E-03	-5.29E+00		1.00E+00	0
2	MA0476.1	FOS	1.00E-09	2.00E-12	-2.69E+01	0	74	490	313	1355	1.51E-01	8.20E-15	2.44E+02	20	8.90E+01	1.00E+00	0.00E+00		1.00E+00	0
2	MA0477.1	FOSL1	2.40E-15	4.50E-18	-3.99E+01	0	212	490	650	1143	0.43265	1.80E-20	2.44E+02	3.80E+01	72	1.00E+00	0.00E+00		1.00E+00	0
2	MA0478.1	FOSL2	6.60E-13	1.30E-15	-3.43E+01	0	246	490	955	1565	5.02E-01	5.20E-18	2.44E+02	53	8.70E+01	1.00E+00	0.00E+00		1.00E+00	0
2	MA0482.1	Gata4	6.20E-127	1.20E-129	-2.97E+02	0	82	490	1028	2886	1.67E-01	4.90E-132	2.44E+02	52	1.45E+02	5.50E-06	-1.21E+01		1.00E+00	0
2	MA0483.1	Gfi1b	3.00E-01	5.70E-04	-7.48E+00	0	110	490	778	2988	0.22449	2.30E-06	2.44E+02	38	160	1.00E+00	0.00E+00		1.00E+00	0
2	MA0488.1	JUN	5.50E-06	1.10E-08	-1.84E+01	0	112	488	392	1266	0.22951	4.40E-11	2.43E+02	2.50E+01	79	1.00E+00	0.00E+00		1.00E+00	0
2	MA0489.1	 JUN(var.2)	5.60E-08	1.10E-10	-2.30E+01	0	79	487	393	1712	0.16222	4.40E-13	2.43E+02	2.70E+01	111	9.90E-01	-1.00E-02		1.00E+00	0
2	MA0490.1	JUNB	1.10E-10	2.20E-13	-2.92E+01	0	78	490	303	1221	0.15918	8.90E-16	2.44E+02	17	75	1.00E+00	0.00E+00		1.00E+00	0
2	MA0491.1	JUND	4.70E-11	9.10E-14	-3.00E+01	0	88	490	265	917	1.80E-01	3.70E-16	2.44E+02	17	5.50E+01	9.70E-01	-3.00E-02		1.00E+00	0
2	MA0492.1	JUND(var.2)	3.00E-08	5.70E-11	-2.36E+01	0	264	486	739	1138	5.43E-01	2.40E-13	2.42E+02	31	6.90E+01	1.00E+00	0.00E+00		1.70E-01	-1.77
2	MA0493.1	Klf1	5.00E-13	9.50E-16	-3.46E+01	0	180	490	1479	3362	3.67E-01	3.90E-18	2.44E+02	76	1.87E+02	1.00E+00	0.00E+00		1.00E+00	0
2	MA0499.1	Myod1	3.80E-05	7.20E-08	-1.64E+01	0	146	488	874	2442	0.29918	3.00E-10	2.43E+02	5.00E+01	150	1.00E+00	0.00E+00		1.00E+00	0
2	MA0500.1	Myog	3.50E-07	6.70E-10	-2.11E+01	0	182	490	930	2087	3.71E-01	2.80E-12	2.44E+02	59	1.26E+02	9.80E-01	-2.00E-02		1.00E+00	0
2	MA0501.1	MAF::NFE2	4.50E-04	8.60E-07	-1.40E+01	0	124	486	416	1267	2.55E-01	3.60E-09	2.42E+02	26	7.50E+01	1.00E+00	0.00E+00		1.00E+00	0
2	MA0502.1	NFYB	2.40E-23	4.60E-26	-5.83E+01	0	224	486	821	1343	4.61E-01	1.90E-28	2.42E+02	27	6.30E+01	1.00E+00	0.00E+00		5.30E-01	-0.63
2	MA0506.1	NRF1	9.00E-15	1.70E-17	-3.86E+01	0	230	490	1068	1860	4.69E-01	7.00E-20	2.44E+02	70	1.16E+02	4.60E-01	-7.70E-01		1.00E+00	0
2	MA0509.1	Rfx1	1.20E+00	2.30E-03	-6.08E+00	0	241	487	1249	2315	4.95E-01	9.40E-06	2.43E+02	79	1.35E+02	1.00E+00	0.00E+00		1.00E+00	0
2	MA0510.2	RFX5	3.70E+00	7.20E-03	-4.94E+00	0	177	485	189	408	3.65E-01	3.00E-05	2.42E+02	8	1.80E+01	1.00E+00	0.00E+00		1.00E+00	0
2	MA0511.2	RUNX2	7.90E-14	1.50E-16	-3.64E+01	0	294	492	2427	3630	5.98E-01	6.20E-19	2.45E+02	157	2.10E+02	8.80E-04	-7.04E+00		1.00E+00	0
2	MA0513.1	SMAD2::SMAD3::SMAD4	2.10E-04	4.00E-07	-1.47E+01	0	94	488	831	3568	0.19262	1.60E-09	2.43E+02	46	204	1.00E+00	0.00E+00		1.00E+00	0
2	MA0516.1	SP2	5.50E-20	1.00E-22	-5.06E+01	0	180	486	1744	3864	0.37037	4.30E-25	2.42E+02	8.90E+01	232	1.00E+00	0.00E+00		1.00E+00	0
2	MA0521.1	Tcf12	6.20E-08	1.20E-10	-2.29E+01	0	182	490	1009	2267	3.71E-01	4.80E-13	2.44E+02	61	1.33E+02	1.00E+00	0.00E+00		1.00E+00	0
2	MA0522.2	TCF3	3.40E-04	6.50E-07	-1.43E+01	0	201	491	1555	3386	0.40937	2.70E-09	2.45E+02	9.30E+01	194	1.00E+00	0.00E+00		1.00E+00	0
2	MA0526.1	USF2	3.70E-05	7.00E-08	-1.65E+01	0	262	490	1102	1815	5.35E-01	2.90E-10	2.44E+02	58	1.01E+02	1.00E+00	0.00E+00		1.00E+00	0
2	MA0527.1	ZBTB33	3.50E-02	6.60E-05	-9.62E+00	0	238	486	699	1246	0.48971	2.70E-07	2.42E+02	5.20E+01	84	9.40E-01	-6.00E-02		1.00E+00	0
2	MA0591.1	Bach1::Mafk	1.90E-07	3.60E-10	-2.18E+01	0	130	486	392	1073	2.67E-01	1.50E-12	2.42E+02	19	5.80E+01	1.00E+00	0.00E+00		1.00E+00	0
2	MA0595.1	SREBF1	2.50E-07	4.70E-10	-2.15E+01	0	235	491	941	1669	0.47862	1.90E-12	2.45E+02	5.00E+01	90	1.00E+00	0.00E+00		1.00E+00	0
2	MA0596.1	SREBF2	6.70E-09	1.30E-11	-2.51E+01	0	185	491	874	1897	3.77E-01	5.30E-14	2.45E+02	44	1.09E+02	1.00E+00	0.00E+00		1.00E+00	0
2	MA0598.2	EHF	2.00E-25	3.90E-28	-6.31E+01	0	231	489	1625	2800	4.72E-01	1.60E-30	2.44E+02	86	1.71E+02	1.00E+00	0.00E+00		1.00E+00	0
2	MA0599.1	KLF5	5.70E-13	1.10E-15	-3.45E+01	0	233	491	1997	3661	4.75E-01	4.50E-18	2.45E+02	96	2.05E+02	1.00E+00	0.00E+00		9.90E-01	-0.01
2	MA0600.2	RFX2	5.40E+00	1.00E-02	-4.58E+00	0	261	485	189	289	5.38E-01	4.30E-05	2.42E+02	7	1.80E+01	1.00E+00	0.00E+00		1.00E+00	0
2	MA0603.1	Arntl	5.50E-08	1.10E-10	-2.30E+01	0	215	491	1560	3108	4.38E-01	4.30E-13	2.45E+02	91	1.88E+02	1.00E+00	0.00E+00		1.00E+00	0
2	MA0604.1	Atf1	5.90E-13	1.10E-15	-3.44E+01	0	281	493	1314	1977	5.70E-01	4.60E-18	2.46E+02	67	1.14E+02	1.00E+00	0.00E+00		1.00E+00	0
2	MA0605.1	Atf3	2.30E-06	4.50E-09	-1.92E+01	0	183	493	1276	2963	0.3712	1.80E-11	2.46E+02	7.70E+01	170	9.90E-01	-1.00E-02		1.00E+00	0
2	MA0607.1	Bhlha15	3.50E+00	6.80E-03	-5.00E+00	0	85	493	390	1868	1.72E-01	2.80E-05	2.46E+02	16	1.05E+02	1.00E+00	0.00E+00		1.00E+00	0
2	MA0608.1	Creb3l2	4.40E-10	8.40E-13	-2.78E+01	0	180	492	464	946	0.36585	3.40E-15	2.45E+02	24	57	1.00E+00	0.00E+00		1.00E+00	0
2	MA0609.1	Crem	1.60E-04	3.10E-07	-1.50E+01	0	273	491	478	717	5.56E-01	1.20E-09	2.45E+02	26	4.30E+01	1.00E+00	0.00E+00		1.00E+00	0
2	MA0611.1	Dux	4.80E-12	9.20E-15	-3.23E+01	0	111	493	489	1536	0.22515	3.70E-17	2.46E+02	2.40E+01	68	9.40E-01	-6.00E-02		1.00E+00	0
2	MA0615.1	Gmeb1	3.60E-15	6.90E-18	-3.95E+01	0	242	484	1490	2520	0.5	2.90E-20	2.41E+02	8.80E+01	155	1.00E+00	0.00E+00		1.00E+00	0
2	MA0617.1	Id2	4.80E-04	9.10E-07	-1.39E+01	0	163	493	229	501	3.31E-01	3.70E-09	2.46E+02	14	3.00E+01	1.00E+00	0.00E+00		1.00E+00	0
2	MA0620.1	Mitf	2.50E-08	4.80E-11	-2.38E+01	0	215	491	2412	4928	0.43788	2.00E-13	2.45E+02	1.24E+02	279	1.00E+00	0.00E+00		1.00E+00	0
2	MA0622.1	Mlxip	1.40E-03	2.70E-06	-1.28E+01	0	163	493	227	501	0.33063	1.10E-08	2.46E+02	1.40E+01	30	1.00E+00	0.00E+00		1.00E+00	0
2	MA0632.1	Tcfl5	2.00E-11	3.90E-14	-3.09E+01	0	223	491	1658	3145	0.45418	1.60E-16	2.45E+02	9.20E+01	186	1.00E+00	0.00E+00		1.00E+00	0
2	MA0636.1	BHLHE41	1.40E-05	2.80E-08	-1.74E+01	0	75	491	126	471	0.15275	1.10E-10	2.45E+02	7.00E+00	34	1.00E+00	0.00E+00		1.00E+00	0
2	MA0638.1	CREB3	4.30E-09	8.30E-12	-2.55E+01	0	221	487	552	960	4.54E-01	3.40E-14	2.43E+02	33	5.90E+01	1.00E+00	0.00E+00		1.00E+00	0
2	MA0640.1	ELF3	1.20E-14	2.40E-17	-3.83E+01	0	168	488	687	1502	3.44E-01	9.70E-20	2.43E+02	28	8.40E+01	1.00E+00	0.00E+00		9.80E-01	-0.02
2	MA0641.1	ELF4	5.00E-27	9.50E-30	-6.68E+01	0	237	489	1179	1904	4.85E-01	3.90E-32	2.44E+02	69	1.20E+02	1.00E+00	0.00E+00		1.00E+00	0
2	MA0645.1	ETV6	1.70E-24	3.20E-27	-6.10E+01	0	231	491	2290	4102	4.70E-01	1.30E-29	2.45E+02	127	2.39E+02	1.00E+00	0.00E+00		1.00E+00	0
2	MA0649.1	HEY2	1.30E-10	2.50E-13	-2.90E+01	0	229	491	1485	2738	0.4664	1.00E-15	2.45E+02	8.60E+01	165	1.00E+00	0.00E+00		1.00E+00	0
2	MA0655.1	JDP2	1.50E-09	2.90E-12	-2.66E+01	0	88	492	328	1225	0.17886	1.20E-14	2.45E+02	2.20E+01	77	9.70E-01	-3.00E-02		1.00E+00	0
2	MA0656.1	JDP2(var.2)	1.20E-06	2.20E-09	-1.99E+01	0	205	489	225	380	4.19E-01	9.10E-12	2.44E+02	17	3.10E+01	1.00E+00	0.00E+00		1.00E+00	0
2	MA0657.1	KLF13	3.20E-11	6.10E-14	-3.04E+01	0	215	483	287	451	0.44513	2.50E-16	2.41E+02	6.00E+00	18	1.00E+00	0.00E+00		9.20E-01	-0.09
2	MA0663.1	MLX	2.90E-04	5.60E-07	-1.44E+01	0	171	491	373	834	3.48E-01	2.30E-09	2.45E+02	16	4.60E+01	1.00E+00	0.00E+00		1.00E+00	0
2	MA0664.1	MLXIPL	9.00E-04	1.70E-06	-1.33E+01	0	261	491	1337	2261	0.53157	7.00E-09	2.45E+02	72	126	1.00E+00	0.00E+00		1.00E+00	0
2	MA0671.1	NFIX	1.60E-05	3.10E-08	-1.73E+01	0	264	492	3035	5232	5.37E-01	1.30E-10	2.45E+02	150	3.00E+02	1.00E+00	0.00E+00		7.40E-01	-0.3
2	MA0684.1	RUNX3	5.70E-12	1.10E-14	-3.21E+01	0	167	491	1585	3922	3.40E-01	4.50E-17	2.45E+02	104	2.31E+02	8.00E-02	-2.53E+00		1.00E+00	0
2	MA0685.1	SP4	4.50E-28	8.60E-31	-6.92E+01	0	184	484	622	1116	0.38017	3.60E-33	2.41E+02	2.30E+01	52	1.00E+00	0.00E+00		1.00E+00	0
2	MA0686.1	SPDEF	3.90E-16	7.40E-19	-4.17E+01	0	190	490	884	1774	3.88E-01	3.00E-21	2.44E+02	51	1.08E+02	1.00E+00	0.00E+00		1.00E+00	0
2	MA0691.1	TFAP4	5.50E-05	1.10E-07	-1.61E+01	0	191	491	810	1756	3.89E-01	4.30E-10	2.45E+02	39	1.02E+02	1.00E+00	0.00E+00		1.00E+00	0
2	MA0692.1	TFEB	1.90E-09	3.60E-12	-2.64E+01	0	215	491	1639	3248	4.38E-01	1.50E-14	2.45E+02	90	1.78E+02	1.00E+00	0.00E+00		1.00E+00	0
2	MA0695.1	ZBTB7C	1.10E-03	2.10E-06	-1.31E+01	0	219	489	2209	4510	4.48E-01	8.60E-09	2.44E+02	119	2.65E+02	1.00E+00	0.00E+00		1.00E+00	0
2	MA0696.1	ZIC1	1.40E+00	2.70E-03	-5.93E+00	0	219	487	461	884	0.44969	1.10E-05	2.43E+02	2.90E+01	59	1.00E+00	0.00E+00		1.00E+00	0
2	MA0697.1	ZIC3	8.10E-03	1.60E-05	-1.11E+01	0	232	486	786	1436	4.77E-01	6.40E-08	2.42E+02	41	8.50E+01	1.00E+00	0.00E+00		1.00E+00	0
2	MA0698.1	ZBTB18	6.20E+00	1.20E-02	-4.43E+00	0	138	488	660	2048	2.83E-01	4.90E-05	2.43E+02	24	1.09E+02	1.00E+00	0.00E+00		9.70E-01	-0.03
2	MA0705.1	Lhx8	4.60E-02	8.90E-05	-9.33E+00	0	53	493	425	3119	1.08E-01	3.60E-07	2.46E+02	22	1.59E+02	1.00E+00	0.00E+00		1.00E+00	0
2	MA0732.1	EGR3	7.30E-01	1.40E-03	-6.58E+00	0	258	486	615	1026	5.31E-01	5.70E-06	2.42E+02	36	6.40E+01	1.00E+00	0.00E+00		1.00E+00	0
2	MA0733.1	EGR4	2.00E-02	3.80E-05	-1.02E+01	0	319	485	2201	3141	6.58E-01	1.60E-07	2.42E+02	120	1.89E+02	1.00E+00	0.00E+00		1.00E+00	0
2	MA0734.1	GLI2	1.40E-06	2.60E-09	-1.98E+01	0	273	489	1683	2705	0.55828	1.10E-11	2.44E+02	99	154	9.90E-01	-1.00E-02		1.00E+00	0
2	MA0738.1	HIC2	5.50E+00	1.00E-02	-4.56E+00	0	166	492	1860	5115	3.37E-01	4.30E-05	2.45E+02	97	2.95E+02	1.00E+00	0.00E+00		1.00E+00	0
2	MA0739.1	Hic1	8.10E-04	1.50E-06	-1.34E+01	0	262	492	2749	4793	0.53252	6.30E-09	2.45E+02	1.52E+02	280	1.00E+00	0.00E+00		1.00E+00	0
2	MA0740.1	KLF14	2.00E-20	3.90E-23	-5.16E+01	0	223	487	1200	2101	0.45791	1.60E-25	2.43E+02	50	105	1.00E+00	0.00E+00		1.00E+00	0
2	MA0741.1	KLF16	4.60E-14	8.70E-17	-3.70E+01	0	232	490	2022	3699	0.47347	3.60E-19	2.44E+02	9.60E+01	220	1.00E+00	0.00E+00		2.00E-01	-1.6
2	MA0742.1	Klf12	1.10E-21	2.20E-24	-5.45E+01	0	172	486	843	1763	0.35391	9.00E-27	2.42E+02	3.70E+01	97	1.00E+00	0.00E+00		1.00E+00	0
2	MA0746.1	SP3	1.50E-17	2.80E-20	-4.50E+01	0	224	490	2489	4713	0.45714	1.10E-22	2.44E+02	1.29E+02	269	1.00E+00	0.00E+00		1.00E+00	0
2	MA0747.1	SP8	3.80E-12	7.30E-15	-3.26E+01	0	233	489	2263	4181	0.47648	3.00E-17	2.44E+02	1.04E+02	236	1.00E+00	0.00E+00		3.30E-01	-1.12
2	MA0748.1	YY2	1.60E-03	3.00E-06	-1.27E+01	0	238	490	1848	3465	4.86E-01	1.20E-08	2.44E+02	90	1.95E+02	1.00E+00	0.00E+00		1.00E+00	0
2	MA0749.1	ZBED1	7.40E+00	1.40E-02	-4.26E+00	0	22	488	13	80	4.51E-02	5.80E-05	2.43E+02	0	3.00E+00	1.00E+00	0.00E+00		1.00E+00	0
2	MA0750.1	ZBTB7A	9.40E-03	1.80E-05	-1.09E+01	0	263	489	1675	2854	5.38E-01	7.40E-08	2.44E+02	107	1.74E+02	1.00E+00	0.00E+00		1.00E+00	0
2	MA0751.1	ZIC4	4.40E-07	8.40E-10	-2.09E+01	0	226	486	1672	3178	0.46502	3.50E-12	2.42E+02	1.01E+02	191	1.00E+00	0.00E+00		1.00E+00	0
2	MA0753.1	ZNF740	2.40E+00	4.50E-03	-5.40E+00	0	225	491	1700	3444	0.45825	1.90E-05	2.45E+02	9.20E+01	200	1.00E+00	0.00E+00		1.00E+00	0
2	MA0759.1	ELK3	7.40E-35	1.40E-37	-8.48E+01	0	203	491	1942	3728	0.41344	5.80E-40	2.45E+02	1.18E+02	216	1.40E-02	-4.29E+00		1.00E+00	0
2	MA0760.1	ERF	4.30E-36	8.30E-39	-8.77E+01	0	211	491	1837	3371	0.42974	3.40E-41	2.45E+02	1.03E+02	194	5.10E-01	-6.80E-01		1.00E+00	0
2	MA0761.1	ETV1	4.40E-35	8.50E-38	-8.54E+01	0	209	491	2218	4207	4.26E-01	3.50E-40	2.45E+02	141	2.47E+02	7.60E-04	-7.18E+00		1.00E+00	0
2	MA0762.1	ETV2	2.40E-28	4.60E-31	-6.99E+01	0	238	490	1441	2366	4.86E-01	1.90E-33	2.44E+02	96	1.46E+02	7.30E-03	-4.91E+00		1.00E+00	0
2	MA0763.1	ETV3	2.40E-17	4.60E-20	-4.45E+01	0	227	491	2163	4015	4.62E-01	1.90E-22	2.45E+02	125	2.42E+02	1.00E+00	0.00E+00		1.00E+00	0
2	MA0764.1	ETV4	2.40E-33	4.70E-36	-8.14E+01	0	209	491	2285	4369	0.42566	1.90E-38	2.45E+02	1.42E+02	247	4.10E-04	-7.79E+00		1.00E+00	0
2	MA0765.1	ETV5	9.20E-36	1.80E-38	-8.69E+01	0	209	491	2394	4568	4.26E-01	7.20E-41	2.45E+02	148	2.65E+02	3.00E-03	-5.81E+00		1.00E+00	0
2	MA0766.1	GATA5	1.60E-169	3.00E-172	-3.95E+02	0	79	493	1537	4698	1.60E-01	1.20E-174	2.46E+02	86	2.56E+02	1.60E-09	-2.02E+01		1.00E+00	0
2	MA0797.1	TGIF2	7.20E-04	1.40E-06	-1.35E+01	0	279	489	612	923	5.71E-01	5.60E-09	2.44E+02	35	5.70E+01	1.00E+00	0.00E+00		1.00E+00	0
2	MA0801.1	MGA	3.30E-08	6.20E-11	-2.35E+01	0	187	493	1877	4334	3.79E-01	2.50E-13	2.46E+02	102	2.46E+02	1.00E+00	0.00E+00		1.00E+00	0
2	MA0803.1	TBX15	1.80E-02	3.50E-05	-1.03E+01	0	159	493	1185	3244	0.32252	1.40E-07	2.46E+02	5.80E+01	177	1.00E+00	0.00E+00		1.00E+00	0
2	MA0805.1	TBX1	4.00E-04	7.60E-07	-1.41E+01	0	159	493	1128	3027	3.23E-01	3.10E-09	2.46E+02	53	1.56E+02	1.00E+00	0.00E+00		1.00E+00	0
2	MA0806.1	TBX4	2.90E-04	5.50E-07	-1.44E+01	0	187	493	2009	4773	3.79E-01	2.20E-09	2.46E+02	108	2.74E+02	1.00E+00	0.00E+00		1.00E+00	0
2	MA0807.1	TBX5	1.10E-03	2.20E-06	-1.31E+01	0	177	493	2063	5199	3.59E-01	8.80E-09	2.46E+02	110	2.95E+02	1.00E+00	0.00E+00		1.00E+00	0
2	MA0814.1	TFAP2C(var.2)	9.20E+00	1.80E-02	-4.04E+00	0	312	490	2313	3464	6.37E-01	7.30E-05	2.44E+02	138	2.11E+02	1.00E+00	0.00E+00		1.00E+00	0
2	MA0816.1	Ascl2	2.10E-04	4.00E-07	-1.47E+01	0	161	491	1339	3569	0.3279	1.70E-09	2.45E+02	7.60E+01	198	1.00E+00	0.00E+00		1.00E+00	0
2	MA0820.1	FIGLA	1.70E-03	3.20E-06	-1.27E+01	0	181	491	1791	4371	3.69E-01	1.30E-08	2.45E+02	103	2.47E+02	1.00E+00	0.00E+00		1.00E+00	0
2	MA0823.1	HEY1	4.80E-09	9.20E-12	-2.54E+01	0	237	491	919	1594	4.83E-01	3.70E-14	2.45E+02	60	9.70E+01	7.00E-01	-3.60E-01		1.00E+00	0
2	MA0824.1	ID4	1.50E-03	2.80E-06	-1.28E+01	0	273	491	2300	3828	0.55601	1.10E-08	2.45E+02	132	220	1.00E+00	0.00E+00		1.00E+00	0
2	MA0825.1	MNT	1.60E-02	3.00E-05	-1.04E+01	0	157	491	1058	2896	0.31976	1.20E-07	2.45E+02	5.90E+01	168	1.00E+00	0.00E+00		1.00E+00	0
2	MA0828.1	SREBF2(var.2)	3.50E-05	6.60E-08	-1.65E+01	0	181	491	446	954	0.36864	2.70E-10	2.45E+02	2.60E+01	53	1.00E+00	0.00E+00		1.00E+00	0
2	MA0829.1	Srebf1(var.2)	1.50E-04	2.90E-07	-1.51E+01	0	237	491	693	1218	4.83E-01	1.20E-09	2.45E+02	42	7.30E+01	1.00E+00	0.00E+00		1.00E+00	0
2	MA0830.1	TCF4	2.80E-04	5.40E-07	-1.44E+01	0	161	491	1259	3347	3.28E-01	2.20E-09	2.45E+02	74	1.90E+02	1.00E+00	0.00E+00		1.00E+00	0
2	MA0831.1	TFE3	1.50E-10	2.80E-13	-2.89E+01	0	215	491	2086	4179	0.43788	1.20E-15	2.45E+02	1.23E+02	243	9.90E-01	-1.00E-02		1.00E+00	0
2	MA0833.1	ATF4	1.70E-02	3.30E-05	-1.03E+01	0	212	488	586	1148	4.34E-01	1.30E-07	2.43E+02	35	6.60E+01	1.00E+00	0.00E+00		1.00E+00	0
2	MA0834.1	ATF7	1.60E-07	3.10E-10	-2.19E+01	0	205	487	235	393	0.42094	1.30E-12	2.43E+02	1.60E+01	33	1.00E+00	0.00E+00		1.00E+00	0
2	MA0835.1	BATF3	3.20E+00	6.20E-03	-5.09E+00	0	231	487	84	128	4.74E-01	2.60E-05	2.43E+02	8	1.20E+01	1.00E+00	0.00E+00		1.00E+00	0
2	MA0839.1	CREB3L1	1.20E-02	2.20E-05	-1.07E+01	0	277	487	529	802	0.56879	9.20E-08	2.43E+02	3.20E+01	47	1.00E+00	0.00E+00		1.00E+00	0
2	MA0840.1	Creb5	8.20E-08	1.60E-10	-2.26E+01	0	241	489	328	504	4.93E-01	6.40E-13	2.44E+02	20	3.60E+01	1.00E+00	0.00E+00		1.00E+00	0
2	MA0841.1	NFE2	3.30E-05	6.40E-08	-1.66E+01	0	118	490	168	450	0.24082	2.60E-10	2.44E+02	7.00E+00	20	1.00E+00	0.00E+00		1.00E+00	0
2	MA0842.1	NRL	6.00E+00	1.20E-02	-4.46E+00	0	122	490	1406	5152	2.49E-01	4.80E-05	2.44E+02	88	2.90E+02	9.90E-01	-1.00E-02		1.00E+00	0
2	MA0844.1	XBP1	6.50E-08	1.20E-10	-2.28E+01	0	231	487	541	912	4.74E-01	5.10E-13	2.43E+02	31	5.50E+01	1.00E+00	0.00E+00		1.00E+00	0
2	MA0862.1	GMEB2	9.90E-01	1.90E-03	-6.27E+00	0	53	493	270	1938	1.08E-01	7.70E-06	2.46E+02	15	1.13E+02	1.00E+00	0.00E+00		1.00E+00	0
2	MA0871.1	TFEC	4.80E-14	9.20E-17	-3.69E+01	0	145	491	1492	4150	2.95E-01	3.70E-19	2.45E+02	90	2.45E+02	8.90E-01	-1.10E-01		1.00E+00	0
2	MA0884.1	DUXA	1.70E-02	3.20E-05	-1.04E+01	0	54	488	403	2828	0.11066	1.30E-07	2.43E+02	22	144	1.00E+00	0.00E+00		1.00E+00	0
2	MA1099.1	Hes1	1.60E-24	3.00E-27	-6.11E+01	0	245	491	2665	4579	4.99E-01	1.20E-29	2.45E+02	146	2.73E+02	1.00E+00	0.00E+00		1.00E+00	0