# WARNING: this file is not sorted!
# db	id                         alt	 E-value	adj_p-value	log_adj_p-value	bin_location	bin_width	total_width	sites_in_bin	total_sites	p_success	 p-value	mult_tests
   1	1                         MEME	1.6e-2016	   2.9e-2019	       -4647.87	         0.0	      107	        489	        5269	       6889	  0.21881	1.2e-2021	       244
   1	2                         MEME	8.1e-007	   1.4e-009	         -20.36	         0.0	       93	        489	         945	       4052	  0.19018	5.9e-012	       244
   2	BCACRTG                  DREME	1.9e-1908	   3.4e-1911	       -4399.01	         0.0	      104	        494	        4565	       5802	  0.21053	1.4e-1913	       246
   2	GCCAATVR                 DREME	2.6e-162	   4.6e-165	        -378.39	         0.0	      135	        493	         823	       1276	  0.27383	1.9e-167	       246
   2	CYTCCY                   DREME	9.9e-018	   1.8e-020	         -45.48	         0.0	      109	        495	        1861	       6885	  0.22020	7.2e-023	       247
   2	GAYTACA                  DREME	1.1e-006	   2.0e-009	         -20.03	         0.0	      112	        494	         420	       1373	  0.22672	8.1e-012	       246
   2	CCYGCCYC                 DREME	1.1e-025	   1.9e-028	         -63.84	         0.0	      133	        493	        1088	       2967	  0.26978	7.7e-031	       246
   2	TGATTGGW                 DREME	3.9e-053	   7.0e-056	        -127.00	         0.0	      105	        493	         237	        408	  0.21298	2.8e-058	       246
   2	CTMACTGC                 DREME	1.1e-019	   1.9e-022	         -50.00	         0.0	       73	        493	         254	        901	  0.14807	7.8e-025	       246
   2	TCACYTGA                 DREME	5.9e-012	   1.0e-014	         -32.19	         0.0	       53	        493	         150	        690	  0.10751	4.2e-017	       246
   2	CCAGCTAM                 DREME	2.3e-009	   4.2e-012	         -26.21	         0.0	      303	        493	         574	        771	  0.61460	1.7e-014	       246
   2	GTGGCTMA                 DREME	1.2e0000	   2.2e-003	          -6.13	         0.0	       93	        493	         222	        900	  0.18864	8.9e-006	       246
   2	AGAATBGC                 DREME	1.5e-011	   2.6e-014	         -31.27	         0.0	       75	        493	         165	        573	  0.15213	1.1e-016	       246
   2	AASCTCCG                 DREME	1.8e-007	   3.2e-010	         -21.86	         0.0	       75	        493	         104	        343	  0.15213	1.3e-012	       246
   2	TMAGGAGW                 DREME	1.9e-005	   3.4e-008	         -17.21	         0.0	      319	        493	         707	        952	  0.64706	1.4e-010	       246
   2	CTTCCGS                  DREME	1.1e-014	   2.0e-017	         -38.44	         0.0	      138	        494	         469	       1163	  0.27935	8.2e-020	       246
   2	CBCGTGAC                 DREME	1.5e-042	   2.7e-045	        -102.63	         0.0	      149	        493	         247	        368	  0.30223	1.1e-047	       246
   2	AAVATGGC                 DREME	1.0e0000	   1.8e-003	          -6.29	         0.0	      283	        493	         482	        739	  0.57404	7.5e-006	       246
   2	GCBCCGCC                 DREME	4.2e-032	   7.4e-035	         -78.59	         0.0	      133	        493	         679	       1632	  0.26978	3.0e-037	       246
   2	CTGGCYAA                 DREME	2.0e-033	   3.6e-036	         -81.60	         0.0	      255	        493	         728	       1016	  0.51724	1.5e-038	       246
   2	RGAAGTGA                 DREME	6.5e-013	   1.2e-015	         -34.39	         0.0	      177	        493	         315	        590	  0.35903	4.7e-018	       246
   2	CACMTGAC                 DREME	1.5e-200	   2.7e-203	        -466.42	         0.0	      129	        493	         675	        899	  0.26166	1.1e-205	       246
   2	CCACGCCY                 DREME	4.6e-011	   8.2e-014	         -30.14	         0.0	      215	        493	         433	        740	  0.43611	3.3e-016	       246
   2	ACCAATVG                 DREME	4.4e-024	   7.9e-027	         -60.11	         0.0	      131	        493	         157	        264	  0.26572	3.2e-029	       246
   2	CATCTCCA                 DREME	2.3e0000	   4.1e-003	          -5.50	         0.0	       53	        493	          51	        256	  0.10751	1.7e-005	       246
   2	ACGTSAC                  DREME	1.2e-659	   2.2e-662	       -1523.54	         0.0	      116	        494	        1810	       2330	  0.23482	8.8e-665	       246
   2	GCYGGGA                  DREME	1.3e-018	   2.4e-021	         -47.50	         0.0	      120	        494	         935	       2871	  0.24291	9.6e-024	       246
   2	CYCGGCTA                 DREME	1.1e-009	   2.0e-012	         -26.92	         0.0	      241	        493	         206	        288	  0.48884	8.3e-015	       246
   2	GGTTTCAC                 DREME	2.2e-022	   3.9e-025	         -56.19	         0.0	      259	        493	         405	        538	  0.52535	1.6e-027	       246
   3	MA0003.3                TFAP2A	6.9e-009	   1.2e-011	         -25.12	         0.0	      122	        490	        1746	       5993	  0.24898	5.1e-014	       244
   3	MA0004.1                  Arnt	3.4e-1333	   6.0e-1336	       -3074.46	         0.0	      103	        495	        3689	       5135	  0.20808	2.4e-1338	       247
   3	MA0006.1             Ahr::Arnt	1.5e-023	   2.6e-026	         -58.90	         0.0	       89	        495	        1426	       6029	  0.17980	1.1e-028	       247
   3	MA0009.2                     T	1.2e-003	   2.2e-006	         -13.04	         0.0	      113	        485	         190	        561	  0.23299	9.0e-009	       242
   3	MA0014.2                  PAX5	7.2e0000	   1.3e-002	          -4.36	         0.0	      114	        482	        1290	       4957	  0.23651	5.4e-005	       240
   3	MA0017.2                 NR2F1	5.0e-134	   9.0e-137	        -313.26	         0.0	       96	        488	        1379	       3669	  0.19672	3.7e-139	       243
   3	MA0018.2                 CREB1	2.6e-057	   4.6e-060	        -136.63	         0.0	      115	        493	        2040	       6260	  0.23327	1.9e-062	       246
   3	MA0024.3                  E2F1	4.7e-008	   8.4e-011	         -23.20	         0.0	       93	        489	         450	       1723	  0.19018	3.5e-013	       244
   3	MA0028.2                  ELK1	6.9e-027	   1.2e-029	         -66.57	         0.0	      173	        491	        1141	       2438	  0.35234	5.0e-032	       245
   3	MA0039.2                  Klf4	1.6e-037	   2.9e-040	         -91.03	         0.0	      209	        491	        3117	       6079	  0.42566	1.2e-042	       245
   3	MA0048.2                 NHLH1	9.7e-018	   1.7e-020	         -45.50	         0.0	      149	        491	        1699	       4575	  0.30346	7.1e-023	       245
   3	MA0058.3                   MAX	8.4e-1649	   1.5e-1651	       -3801.16	         0.0	      103	        491	        4564	       6323	  0.20978	6.1e-1654	       245
   3	MA0059.1              MAX::MYC	3.8e-1202	   6.8e-1205	       -2772.70	         0.0	      102	        490	        3675	       5415	  0.20816	2.8e-1207	       244
   3	MA0060.2                  NFYA	3.4e-146	   6.1e-149	        -341.28	         0.0	      111	        483	        1118	       2341	  0.22981	2.5e-151	       241
   3	MA0062.2                 Gabpa	1.4e-032	   2.4e-035	         -79.71	         0.0	      146	        490	        1670	       4287	  0.29796	9.9e-038	       244
   3	MA0067.1                  Pax2	7.7e-384	   1.4e-386	        -888.48	         0.0	       99	        493	        3029	       7224	  0.20081	5.6e-389	       246
   3	MA0071.1                  RORA	4.3e-045	   7.7e-048	        -108.49	         0.0	       85	        491	         876	       3120	  0.17312	3.1e-050	       245
   3	MA0072.1           RORA(var.2)	7.6e-001	   1.4e-003	          -6.60	         0.0	       31	        487	          90	        870	  0.06366	5.6e-006	       243
   3	MA0076.2                  ELK4	1.7e-019	   3.0e-022	         -49.55	         0.0	      190	        490	        2076	       4488	  0.38776	1.2e-024	       244
   3	MA0079.3                   SP1	4.2e-025	   7.5e-028	         -62.46	         0.0	      176	        490	        2559	       5939	  0.35918	3.1e-030	       244
   3	MA0088.2                ZNF143	2.1e-002	   3.8e-005	         -10.19	         0.0	      135	        485	         118	        279	  0.27835	1.6e-007	       242
   3	MA0089.1          MAFG::NFE2L1	2.8e-123	   4.9e-126	        -288.53	         0.0	       77	        495	        1927	       7232	  0.15556	2.0e-128	       247
   3	MA0093.2                  USF1	8.3e-1721	   1.5e-1723	       -3966.96	         0.0	      104	        490	        4662	       6334	  0.21224	6.1e-1726	       244
   3	MA0098.3                  ETS1	1.9e-006	   3.4e-009	         -19.51	         0.0	      203	        491	        2232	       4842	  0.41344	1.4e-011	       245
   3	MA0099.2              FOS::JUN	1.7e-009	   3.1e-012	         -26.50	         0.0	      100	        494	        1576	       6532	  0.20243	1.3e-014	       246
   3	MA0104.3                  Mycn	3.1e-1078	   5.6e-1081	       -2487.37	         0.0	      109	        493	        3082	       4207	  0.22110	2.3e-1083	       246
   3	MA0106.3                  TP53	2.0e-002	   3.6e-005	         -10.23	         0.0	      139	        483	         178	        442	  0.28778	1.5e-007	       241
   3	MA0119.1            NFIC::TLX1	2.6e-004	   4.7e-007	         -14.57	         0.0	       95	        487	         220	        776	  0.19507	1.9e-009	       243
   3	MA0130.1               ZNF354C	8.3e-012	   1.5e-014	         -31.84	         0.0	      101	        495	        1764	       7221	  0.20404	6.0e-017	       247
   3	MA0131.2                 HINFP	4.6e-021	   8.1e-024	         -53.17	         0.0	      123	        489	        1199	       3637	  0.25153	3.3e-026	       244
   3	MA0139.1                  CTCF	3.5e-020	   6.3e-023	         -51.12	         0.0	      144	        482	        1268	       3311	  0.29876	2.6e-025	       240
   3	MA0146.2                   Zfx	2.6e-009	   4.7e-012	         -26.09	         0.0	      117	        487	        1541	       5402	  0.24025	1.9e-014	       243
   3	MA0147.2                   Myc	2.0e-926	   3.6e-929	       -2137.83	         0.0	      103	        491	        2882	       4266	  0.20978	1.5e-931	       245
   3	MA0150.2                Nfe2l2	4.5e-013	   7.9e-016	         -34.77	         0.0	      116	        486	         906	       2933	  0.23868	3.3e-018	       242
   3	MA0156.2                   FEV	1.2e-003	   2.2e-006	         -13.04	         0.0	      189	        491	        2107	       4967	  0.38493	8.9e-009	       245
   3	MA0159.1            RARA::RXRA	1.3e-001	   2.4e-004	          -8.34	         0.0	       86	        484	         664	       3145	  0.17769	9.9e-007	       241
   3	MA0160.1                 NR4A2	3.0e-036	   5.3e-039	         -88.13	         0.0	      103	        493	        1876	       6751	  0.20892	2.2e-041	       246
   3	MA0161.1                  NFIC	3.9e-002	   6.9e-005	          -9.58	         0.0	      103	        495	        1694	       7292	  0.20808	2.8e-007	       247
   3	MA0162.2                  EGR1	6.9e-029	   1.2e-031	         -71.17	         0.0	      127	        487	        1904	       5716	  0.26078	5.1e-034	       243
   3	MA0258.2                  ESR2	5.4e-057	   9.7e-060	        -135.88	         0.0	       92	        486	        1524	       5389	  0.18930	4.0e-062	       242
   3	MA0259.1           ARNT::HIF1A	1.2e-773	   2.1e-776	       -1786.07	         0.0	      103	        493	        3261	       5698	  0.20892	8.5e-779	       246
   3	MA0464.2               BHLHE40	1.4e-1474	   2.6e-1477	       -3399.98	         0.0	      119	        491	        4174	       5368	  0.24236	1.0e-1479	       245
   3	MA0470.1                  E2F4	6.4e-006	   1.1e-008	         -18.28	         0.0	      204	        490	        1452	       3060	  0.41633	4.7e-011	       244
   3	MA0471.1                  E2F6	9.4e-001	   1.7e-003	          -6.40	         0.0	       82	        490	         909	       4746	  0.16735	6.8e-006	       244
   3	MA0472.2                  EGR2	2.9e-059	   5.2e-062	        -141.12	         0.0	      138	        490	        1249	       2915	  0.28163	2.1e-064	       244
   3	MA0473.2                  ELF1	1.6e-017	   2.9e-020	         -44.98	         0.0	      159	        489	         815	       1883	  0.32515	1.2e-022	       244
   3	MA0474.2                   ERG	3.9e-005	   7.0e-008	         -16.47	         0.0	      175	        491	        1989	       4986	  0.35642	2.9e-010	       245
   3	MA0475.2                  FLI1	1.2e-012	   2.1e-015	         -33.81	         0.0	      189	        491	        1637	       3599	  0.38493	8.5e-018	       245
   3	MA0476.1                   FOS	1.7e-011	   3.0e-014	         -31.15	         0.0	       80	        490	         396	       1631	  0.16327	1.2e-016	       244
   3	MA0477.1                 FOSL1	1.1e-014	   2.0e-017	         -38.47	         0.0	      100	        490	         421	       1366	  0.20408	8.0e-020	       244
   3	MA0478.1                 FOSL2	2.1e-032	   3.8e-035	         -79.27	         0.0	       98	        490	         800	       2620	  0.20000	1.5e-037	       244
   3	MA0488.1                   JUN	2.7e-009	   4.7e-012	         -26.07	         0.0	       98	        488	         521	       1905	  0.20082	2.0e-014	       243
   3	MA0489.1            JUN(var.2)	3.3e-010	   5.9e-013	         -28.16	         0.0	       87	        487	         523	       2116	  0.17864	2.4e-015	       243
   3	MA0490.1                  JUNB	1.5e-018	   2.6e-021	         -47.39	         0.0	       82	        490	         394	       1445	  0.16735	1.1e-023	       244
   3	MA0491.1                  JUND	6.5e-017	   1.1e-019	         -43.61	         0.0	      110	        490	         389	       1106	  0.22449	4.7e-022	       244
   3	MA0492.1           JUND(var.2)	3.8e-011	   6.8e-014	         -30.31	         0.0	      116	        486	         508	       1538	  0.23868	2.8e-016	       242
   3	MA0493.1                  Klf1	4.4e-017	   7.9e-020	         -43.99	         0.0	      258	        490	        2999	       5049	  0.52653	3.2e-022	       244
   3	MA0499.1                 Myod1	4.6e-006	   8.2e-009	         -18.62	         0.0	      152	        488	        1354	       3744	  0.31148	3.4e-011	       243
   3	MA0500.1                  Myog	2.5e-007	   4.5e-010	         -21.52	         0.0	      156	        490	        1262	       3363	  0.31837	1.8e-012	       244
   3	MA0501.1             MAF::NFE2	4.8e-014	   8.5e-017	         -37.00	         0.0	      104	        486	         505	       1638	  0.21399	3.5e-019	       242
   3	MA0502.1                  NFYB	7.3e-192	   1.3e-194	        -446.44	         0.0	      128	        486	        1320	       2383	  0.26337	5.3e-197	       242
   3	MA0506.1                  NRF1	1.2e-033	   2.1e-036	         -82.13	         0.0	      204	        490	        1636	       3069	  0.41633	8.8e-039	       244
   3	MA0510.2                  RFX5	5.9e0000	   1.0e-002	          -4.56	         0.0	      295	        485	         354	        511	  0.60825	4.3e-005	       242
   3	MA0511.2                 RUNX2	1.4e0000	   2.5e-003	          -5.98	         0.0	      110	        492	        1194	       4784	  0.22358	1.0e-005	       245
   3	MA0513.1   SMAD2::SMAD3::SMAD4	3.8e-003	   6.7e-006	         -11.91	         0.0	       88	        488	        1068	       5078	  0.18033	2.8e-008	       243
   3	MA0516.1                   SP2	2.7e-029	   4.8e-032	         -72.11	         0.0	      164	        486	        2578	       6265	  0.33745	2.0e-034	       242
   3	MA0521.1                 Tcf12	3.0e-004	   5.3e-007	         -14.44	         0.0	      156	        490	        1241	       3389	  0.31837	2.2e-009	       244
   3	MA0522.2                  TCF3	6.8e-080	   1.2e-082	        -188.62	         0.0	      101	        491	        1770	       5577	  0.20570	5.0e-085	       245
   3	MA0524.2                TFAP2C	1.9e-005	   3.4e-008	         -17.20	         0.0	      161	        489	        2130	       5777	  0.32924	1.4e-010	       244
   3	MA0526.1                  USF2	2.0e-1841	   3.5e-1844	       -4244.72	         0.0	      102	        490	        4619	       6072	  0.20816	1.4e-1846	       244
   3	MA0527.1                ZBTB33	3.4e-043	   6.1e-046	        -104.10	         0.0	       94	        486	         702	       2151	  0.19342	2.5e-048	       242
   3	MA0591.1           Bach1::Mafk	6.8e-009	   1.2e-011	         -25.13	         0.0	      172	        486	         577	       1264	  0.35391	5.0e-014	       242
   3	MA0595.1                SREBF1	2.2e-165	   4.0e-168	        -385.45	         0.0	      105	        491	        1396	       3225	  0.21385	1.6e-170	       245
   3	MA0596.1                SREBF2	1.7e-138	   3.0e-141	        -323.58	         0.0	      107	        491	        1460	       3580	  0.21792	1.2e-143	       245
   3	MA0598.2                   EHF	4.7e-005	   8.3e-008	         -16.30	         0.0	      219	        489	        1732	       3461	  0.44785	3.4e-010	       244
   3	MA0599.1                  KLF5	1.3e-017	   2.4e-020	         -45.19	         0.0	      159	        491	        2224	       5779	  0.32383	9.7e-023	       245
   3	MA0600.2                  RFX2	1.1e-002	   1.9e-005	         -10.87	         0.0	      295	        485	         260	        350	  0.60825	7.8e-008	       242
   3	MA0603.1                 Arntl	5.3e-1882	   9.4e-1885	       -4338.13	         0.0	      103	        491	        4998	       6762	  0.20978	3.8e-1887	       245
   3	MA0604.1                  Atf1	3.6e-389	   6.5e-392	        -900.75	         0.0	      103	        493	        2104	       4142	  0.20892	2.6e-394	       246
   3	MA0605.1                  Atf3	2.9e-054	   5.1e-057	        -129.61	         0.0	      125	        493	        1479	       3998	  0.25355	2.1e-059	       246
   3	MA0608.1               Creb3l2	2.2e-974	   3.9e-977	       -2248.27	         0.0	      118	        492	        2835	       3719	  0.23984	1.6e-979	       245
   3	MA0609.1                  Crem	1.6e-011	   2.8e-014	         -31.20	         0.0	      101	        491	         300	        935	  0.20570	1.1e-016	       245
   3	MA0611.1                   Dux	3.0e-028	   5.4e-031	         -69.70	         0.0	       97	        493	         621	       2006	  0.19675	2.2e-033	       246
   3	MA0615.1                 Gmeb1	2.0e-012	   3.6e-015	         -33.27	         0.0	      124	        484	        1139	       3565	  0.25620	1.5e-017	       241
   3	MA0616.1                  Hes2	2.7e-189	   4.8e-192	        -440.52	         0.0	       86	        488	        2242	       6910	  0.17623	2.0e-194	       243
   3	MA0617.1                   Id2	4.6e-1455	   8.1e-1458	       -3355.08	         0.0	      119	        493	        3592	       4314	  0.24138	3.3e-1460	       246
   3	MA0620.1                  Mitf	2.2e-1749	   3.9e-1752	       -4032.76	         0.0	      105	        491	        5131	       7260	  0.21385	1.6e-1754	       245
   3	MA0622.1                 Mlxip	6.4e-1448	   1.1e-1450	       -3338.61	         0.0	      119	        493	        3586	       4314	  0.24138	4.7e-1453	       246
   3	MA0626.1                 Npas2	2.1e-1250	   3.8e-1253	       -2883.81	         0.0	      101	        491	        4003	       6102	  0.20570	1.5e-1255	       245
   3	MA0632.1                 Tcfl5	2.2e-1402	   3.9e-1405	       -3233.76	         0.0	      101	        491	        4424	       6690	  0.20570	1.6e-1407	       245
   3	MA0633.1                Twist2	4.7e-865	   8.4e-868	       -1996.52	         0.0	      101	        491	        3053	       4912	  0.20570	3.4e-870	       245
   3	MA0636.1               BHLHE41	8.2e-1323	   1.5e-1325	       -3050.55	         0.0	      119	        491	        3182	       3763	  0.24236	5.9e-1328	       245
   3	MA0638.1                 CREB3	9.4e-466	   1.7e-468	       -1077.10	         0.0	      119	        487	        1779	       2643	  0.24435	6.9e-471	       243
   3	MA0640.1                  ELF3	1.1e-008	   2.0e-011	         -24.63	         0.0	      190	        488	         807	       1688	  0.38934	8.3e-014	       243
   3	MA0641.1                  ELF4	4.9e-016	   8.7e-019	         -41.59	         0.0	      143	        489	         867	       2253	  0.29243	3.6e-021	       244
   3	MA0643.1                 Esrrg	1.4e-002	   2.6e-005	         -10.57	         0.0	       85	        491	         797	       3876	  0.17312	1.0e-007	       245
   3	MA0645.1                  ETV6	7.8e-018	   1.4e-020	         -45.73	         0.0	      203	        491	        2654	       5544	  0.41344	5.6e-023	       245
   3	MA0646.1                  GCM1	9.0e0000	   1.6e-002	          -4.13	         0.0	      202	        490	        1762	       3984	  0.41224	6.6e-005	       244
   3	MA0649.1                  HEY2	3.4e-1183	   6.1e-1186	       -2729.06	         0.0	      103	        491	        3942	       6063	  0.20978	2.5e-1188	       245
   3	MA0655.1                  JDP2	1.7e-021	   3.0e-024	         -54.16	         0.0	      158	        492	         727	       1622	  0.32114	1.2e-026	       245
   3	MA0656.1           JDP2(var.2)	2.1e-014	   3.7e-017	         -37.85	         0.0	      181	        489	         285	        501	  0.37014	1.5e-019	       244
   3	MA0657.1                 KLF13	2.0e-005	   3.6e-008	         -17.13	         0.0	      189	        483	         297	        568	  0.39130	1.5e-010	       241
   3	MA0663.1                   MLX	4.9e-1353	   8.7e-1356	       -3120.15	         0.0	      119	        491	        3683	       4642	  0.24236	3.5e-1358	       245
   3	MA0664.1                MLXIPL	1.7e-1752	   3.0e-1755	       -4039.93	         0.0	      101	        491	        4666	       6397	  0.20570	1.2e-1757	       245
   3	MA0665.1                   MSC	8.0e0000	   1.4e-002	          -4.26	         0.0	      117	        491	         852	       3180	  0.23829	5.8e-005	       245
   3	MA0671.1                  NFIX	5.5e-003	   9.8e-006	         -11.54	         0.0	      150	        492	        2431	       7275	  0.30488	4.0e-008	       245
   3	MA0685.1                   SP4	7.9e-032	   1.4e-034	         -77.94	         0.0	      240	        484	        1038	       1588	  0.49587	5.9e-037	       241
   3	MA0686.1                 SPDEF	7.7e-006	   1.4e-008	         -18.11	         0.0	      100	        490	         555	       2111	  0.20408	5.6e-011	       244
   3	MA0688.1                  TBX2	4.5e0000	   8.0e-003	          -4.83	         0.0	       58	        490	         819	       6048	  0.11837	3.3e-005	       244
   3	MA0691.1                 TFAP4	3.4e-013	   6.0e-016	         -35.05	         0.0	      111	        491	         863	       2920	  0.22607	2.5e-018	       245
   3	MA0692.1                  TFEB	1.1e-1899	   1.9e-1902	       -4378.88	         0.0	      101	        491	        4998	       6806	  0.20570	7.7e-1905	       245
   3	MA0693.1                   Vdr	8.3e-001	   1.5e-003	          -6.52	         0.0	      101	        485	          94	        295	  0.20825	6.1e-006	       242
   3	MA0696.1                  ZIC1	6.4e-002	   1.1e-004	          -9.08	         0.0	      187	        487	         624	       1389	  0.38398	4.7e-007	       243
   3	MA0697.1                  ZIC3	3.6e-004	   6.4e-007	         -14.27	         0.0	       62	        486	         428	       2546	  0.12757	2.6e-009	       242
   3	MA0705.1                  Lhx8	4.6e-007	   8.2e-010	         -20.92	         0.0	       97	        493	         960	       3980	  0.19675	3.3e-012	       246
   3	MA0728.1          Nr2f6(var.2)	1.7e-004	   2.9e-007	         -15.04	         0.0	      376	        486	         347	        389	  0.77366	1.2e-009	       242
   3	MA0730.1           RARA(var.2)	4.7e0000	   8.4e-003	          -4.78	         0.0	       82	        484	          94	        373	  0.16942	3.5e-005	       241
   3	MA0732.1                  EGR3	1.3e-007	   2.4e-010	         -22.16	         0.0	      146	        486	         582	       1509	  0.30041	9.8e-013	       242
   3	MA0733.1                  EGR4	9.6e-018	   1.7e-020	         -45.52	         0.0	      161	        485	        1890	       4723	  0.33196	7.0e-023	       242
   3	MA0734.1                  GLI2	9.1e-015	   1.6e-017	         -38.66	         0.0	      303	        489	        2896	       4218	  0.61963	6.6e-020	       244
   3	MA0736.1                 GLIS2	8.9e-008	   1.6e-010	         -22.56	         0.0	      135	        487	         704	       2012	  0.27721	6.5e-013	       243
   3	MA0738.1                  HIC2	9.2e-019	   1.6e-021	         -47.86	         0.0	      168	        492	        2855	       7167	  0.34146	6.7e-024	       245
   3	MA0739.1                  Hic1	3.4e-008	   6.0e-011	         -23.54	         0.0	      116	        492	        1857	       6782	  0.23577	2.4e-013	       245
   3	MA0740.1                 KLF14	9.1e-032	   1.6e-034	         -77.81	         0.0	      135	        487	        1244	       3280	  0.27721	6.7e-037	       243
   3	MA0741.1                 KLF16	1.0e-038	   1.8e-041	         -93.81	         0.0	      182	        490	        2671	       5801	  0.37143	7.5e-044	       244
   3	MA0742.1                 Klf12	9.4e-028	   1.7e-030	         -68.57	         0.0	      214	        486	        1494	       2692	  0.44033	6.9e-033	       242
   3	MA0745.1                 SNAI2	6.4e-004	   1.1e-006	         -13.68	         0.0	      100	        492	        1587	       6848	  0.20325	4.7e-009	       245
   3	MA0746.1                   SP3	8.8e-037	   1.6e-039	         -89.35	         0.0	      184	        490	        3150	       6921	  0.37551	6.4e-042	       244
   3	MA0747.1                   SP8	1.5e-020	   2.7e-023	         -51.96	         0.0	      209	        489	        3166	       6434	  0.42740	1.1e-025	       244
   3	MA0750.1                ZBTB7A	7.0e-009	   1.2e-011	         -25.11	         0.0	      309	        489	        3182	       4651	  0.63190	5.1e-014	       244
   3	MA0751.1                  ZIC4	1.8e-024	   3.2e-027	         -60.99	         0.0	      112	        486	        1493	       4980	  0.23045	1.3e-029	       242
   3	MA0753.1                ZNF740	5.3e-004	   9.5e-007	         -13.87	         0.0	      229	        491	        2641	       5215	  0.46640	3.9e-009	       245
   3	MA0759.1                  ELK3	5.1e-009	   9.1e-012	         -25.43	         0.0	      189	        491	        2079	       4744	  0.38493	3.7e-014	       245
   3	MA0760.1                   ERF	2.0e-013	   3.6e-016	         -35.57	         0.0	      189	        491	        1904	       4222	  0.38493	1.5e-018	       245
   3	MA0761.1                  ETV1	7.8e-006	   1.4e-008	         -18.09	         0.0	      177	        491	        2173	       5392	  0.36049	5.7e-011	       245
   3	MA0762.1                  ETV2	6.9e-007	   1.2e-009	         -20.51	         0.0	      188	        490	        1192	       2657	  0.38367	5.1e-012	       244
   3	MA0763.1                  ETV3	2.3e-007	   4.0e-010	         -21.63	         0.0	      175	        491	        2089	       5179	  0.35642	1.6e-012	       245
   3	MA0764.1                  ETV4	1.8e-003	   3.3e-006	         -12.64	         0.0	      175	        491	        2223	       5670	  0.35642	1.3e-008	       245
   3	MA0765.1                  ETV5	1.2e-003	   2.2e-006	         -13.04	         0.0	      175	        491	        2392	       6115	  0.35642	8.8e-009	       245
   3	MA0774.1                 MEIS2	6.6e-011	   1.2e-013	         -29.77	         0.0	      169	        493	        2269	       5763	  0.34280	4.8e-016	       246
   3	MA0775.1                 MEIS3	8.1e-019	   1.4e-021	         -47.99	         0.0	      115	        493	        1932	       6751	  0.23327	5.8e-024	       246
   3	MA0778.1                 NFKB2	1.0e-001	   1.8e-004	          -8.62	         0.0	      270	        488	         912	       1481	  0.55328	7.4e-007	       243
   3	MA0781.1                  PAX9	1.6e0000	   2.9e-003	          -5.84	         0.0	       58	        484	          28	        100	  0.11983	1.2e-005	       241
   3	MA0782.1                PKNOX1	1.9e-003	   3.4e-006	         -12.60	         0.0	      115	        489	         108	        280	  0.23517	1.4e-008	       244
   3	MA0783.1                PKNOX2	9.9e-005	   1.8e-007	         -15.55	         0.0	      111	        489	         136	        370	  0.22699	7.3e-010	       244
   3	MA0796.1                 TGIF1	2.2e-001	   3.9e-004	          -7.85	         0.0	      119	        489	          58	        135	  0.24335	1.6e-006	       244
   3	MA0797.1                 TGIF2	3.1e-013	   5.5e-016	         -35.13	         0.0	      109	        489	         456	       1407	  0.22290	2.3e-018	       244
   3	MA0799.1                  RFX4	5.7e-001	   1.0e-003	          -6.90	         0.0	      295	        485	        1354	       2064	  0.60825	4.2e-006	       242
   3	MA0801.1                   MGA	8.2e-010	   1.5e-012	         -27.25	         0.0	       69	        493	        1064	       6061	  0.13996	5.9e-015	       246
   3	MA0803.1                 TBX15	3.1e-003	   5.5e-006	         -12.12	         0.0	       75	        493	         839	       4615	  0.15213	2.2e-008	       246
   3	MA0805.1                  TBX1	9.3e-006	   1.6e-008	         -17.92	         0.0	       81	        493	         865	       4287	  0.16430	6.7e-011	       246
   3	MA0806.1                  TBX4	3.3e-016	   5.8e-019	         -41.98	         0.0	       81	        493	        1385	       6637	  0.16430	2.4e-021	       246
   3	MA0807.1                  TBX5	6.8e-006	   1.2e-008	         -18.23	         0.0	       65	        493	        1126	       7103	  0.13185	4.9e-011	       246
   3	MA0810.1         TFAP2A(var.2)	1.1e-007	   2.0e-010	         -22.33	         0.0	       91	        489	        1297	       5812	  0.18609	8.2e-013	       244
   3	MA0811.1                TFAP2B	4.5e-004	   8.1e-007	         -14.03	         0.0	      275	        489	        3369	       5608	  0.56237	3.3e-009	       244
   3	MA0812.1         TFAP2B(var.2)	1.1e-004	   2.0e-007	         -15.41	         0.0	      320	        490	        3297	       4748	  0.65306	8.3e-010	       244
   3	MA0813.1         TFAP2B(var.3)	3.0e0000	   5.4e-003	          -5.22	         0.0	      158	        488	         891	       2454	  0.32377	2.2e-005	       243
   3	MA0814.1         TFAP2C(var.2)	2.0e-006	   3.6e-009	         -19.44	         0.0	      122	        490	        1604	       5565	  0.24898	1.5e-011	       244
   3	MA0815.1         TFAP2C(var.3)	6.0e0000	   1.1e-002	          -4.55	         0.0	      154	        488	         846	       2394	  0.31557	4.4e-005	       243
   3	MA0816.1                 Ascl2	1.0e-004	   1.8e-007	         -15.51	         0.0	      151	        491	        1759	       5064	  0.30754	7.5e-010	       245
   3	MA0819.1                 CLOCK	3.9e-760	   6.9e-763	       -1754.94	         0.0	      101	        491	        3051	       5257	  0.20570	2.8e-765	       245
   3	MA0820.1                 FIGLA	2.0e-199	   3.5e-202	        -463.87	         0.0	      101	        491	        2474	       6732	  0.20570	1.4e-204	       245
   3	MA0821.1                  HES5	7.9e-106	   1.4e-108	        -248.34	         0.0	       87	        489	         352	        597	  0.17791	5.7e-111	       244
   3	MA0822.1                  HES7	8.2e-136	   1.5e-138	        -317.37	         0.0	      111	        489	         491	        740	  0.22699	6.0e-141	       244
   3	MA0823.1                  HEY1	7.2e-1297	   1.3e-1299	       -2990.82	         0.0	      103	        491	        3615	       5028	  0.20978	5.2e-1302	       245
   3	MA0824.1                   ID4	9.5e-064	   1.7e-066	        -151.45	         0.0	      101	        491	        1804	       5976	  0.20570	6.9e-069	       245
   3	MA0825.1                   MNT	1.6e-1528	   2.9e-1531	       -3524.18	         0.0	      101	        491	        4474	       6481	  0.20570	1.2e-1533	       245
   3	MA0828.1         SREBF2(var.2)	1.9e-1051	   3.3e-1054	       -2425.72	         0.0	      119	        491	        3185	       4241	  0.24236	1.4e-1056	       245
   3	MA0829.1         Srebf1(var.2)	3.4e-1124	   6.1e-1127	       -2593.21	         0.0	      101	        491	        3267	       4712	  0.20570	2.5e-1129	       245
   3	MA0830.1                  TCF4	6.3e-048	   1.1e-050	        -115.02	         0.0	      117	        491	        1792	       5426	  0.23829	4.6e-053	       245
   3	MA0831.1                  TFE3	7.8e-1859	   1.4e-1861	       -4284.78	         0.0	      101	        491	        5083	       7079	  0.20570	5.7e-1864	       245
   3	MA0834.1                  ATF7	2.4e-009	   4.2e-012	         -26.19	         0.0	      147	        487	         239	        518	  0.30185	1.7e-014	       243
   3	MA0835.1                 BATF3	5.2e-002	   9.2e-005	          -9.29	         0.0	      135	        487	          84	        187	  0.27721	3.8e-007	       243
   3	MA0839.1               CREB3L1	5.0e-326	   8.8e-329	        -755.37	         0.0	      103	        487	        1300	       2182	  0.21150	3.6e-331	       243
   3	MA0840.1                 Creb5	4.8e-005	   8.6e-008	         -16.27	         0.0	      145	        489	         258	        624	  0.29652	3.5e-010	       244
   3	MA0841.1                  NFE2	6.9e-023	   1.2e-025	         -57.37	         0.0	      120	        490	         244	        524	  0.24490	5.0e-028	       244
   3	MA0844.1                  XBP1	2.1e-206	   3.8e-209	        -479.91	         0.0	      103	        487	        1061	       2014	  0.21150	1.6e-211	       243
   3	MA0860.1           Rarg(var.2)	2.2e0000	   4.0e-003	          -5.52	         0.0	      362	        484	          67	         71	  0.74793	1.7e-005	       241
   3	MA0861.1                  TP73	4.4e-003	   7.7e-006	         -11.77	         0.0	      243	        483	         567	        960	  0.50311	3.2e-008	       241
   3	MA0862.1                 GMEB2	1.0e0001	   1.8e-002	          -4.03	         0.0	       43	        493	         280	       2562	  0.08722	7.3e-005	       246
   3	MA0863.1                  MTF1	1.5e0000	   2.7e-003	          -5.90	         0.0	      143	        487	         225	        600	  0.29363	1.1e-005	       243
   3	MA0871.1                  TFEC	9.3e-1599	   1.7e-1601	       -3685.93	         0.0	      103	        491	        4788	       6939	  0.20978	6.8e-1604	       245
   3	MA0872.1         TFAP2A(var.3)	8.7e-004	   1.5e-006	         -13.38	         0.0	      158	        488	        1096	       2933	  0.32377	6.4e-009	       243
   3	MA1099.1                  Hes1	1.3e-1296	   2.4e-1299	       -2990.18	         0.0	      101	        491	        4484	       7137	  0.20570	9.8e-1302	       245
##
# Detailed descriptions of columns in this file:
#
# db:	The name of the database (file name) that contains the motif.
# id:	A name for the motif that is unique in the motif database file.
# alt:	An alternate name of the motif that may be provided 
#	in the motif database file.
# E-value:	The expected number motifs that would have least one 
#	region as enriched for best matches to the motif as the reported region.
#	The E-value is the p-value multiplied by the number of motifs in the
#	input database(s).
# adj_p-value:	The probability that any tested region would be as enriched for
#	best matches to this motif as the reported region is.
#	By default the p-value is calculated by using the one-tailed binomial
#	test on the number of sequences with a match to the motif 
#	that have their best match in the reported region, corrected for
#	the number of regions and score thresholds tested.
#	The test assumes that the probability that the best match in a sequence
#	falls in the region is the region width divided by the
#	number of places a motif
#	can align in the sequence (sequence length minus motif width plus 1).
#	When CentriMo is run in discriminative mode with a negative
#	set of sequences, the p-value of a region is calculated
#	using the Fisher exact test on the 
#	enrichment of best matches in the positive sequences relative
#	to the negative sequences, corrected
#	for the number of regions and score thresholds tested.
#	The test assumes that the probability that the best match (if any)
#	falls into a given region
#	is the same for all positive and negative sequences.
# log_adj_p-value:	Log of adjusted p-value.
# bin_location:	Location of the center of the most enriched region.
# bin_width:	The width (in sequence positions) of the most enriched region.
#	A best match to the motif is counted as being in the region if the
#	center of the motif falls in the region.
# total_width:	The window maximal size which can be reached for this motif:
#		rounded(sequence length - motif length +1)/2
# sites_in_bin:	The number of (positive) sequences whose best match to the motif
#	falls in the reported region.
#	Note: This number may be less than the number of
#	(positive) sequences that have a best match in the region.
#	The reason for this is that a sequence may have many matches that score
#	equally best.
#	If n matches have the best score in a sequence, 1/n is added to the
#	appropriate bin for each match.
# total_sites:	The number of sequences containing a match to the motif
#	above the score threshold.
# p_success:	The probability of falling in the enriched window:
#		bin width / total width
# p-value:	The uncorrected p-value before it gets adjusted to the
#	number of multiple tests to give the adjusted p-value.
# mult_tests:	This is the number of multiple tests (n) done for this motif.
#	It was used to correct the original p-value of a region for
#	multiple tests using the formula:
#		p' = 1 - (1-p)^n where p is the uncorrected p-value.
#	The number of multiple tests is the number of regions
#	considered times the number of score thresholds considered.
#	It depends on the motif length, sequence length, and the type of
#	optimizations being done (central enrichment, local enrichment,
#	score optimization).
